1,NULL,15,62,1,0,0,0,0,15_62
2,NULL,15,58,1,0,0,0,0,15_58
3,NULL,15,56,1,0,0,0,0,15_56
4,NULL,15,54,1,0,0,0,0,15_54
5,NULL,15,51,1,0,0,0,0,15_51
6,NULL,15,48,1,0,0,0,0,15_48
7,NULL,15,45,1,0,0,0,0,15_45
8,NULL,15,41,1,0,0,0,0,15_41
9,NULL,23,37,1,0,0,0,0,23_37
10,NULL,31,38,1,0,0,0,0,31_38
11,NULL,34,36,1,0,0,0,0,34_36
12,NULL,38,35,1,0,0,0,0,38_35
13,NULL,47,34,1,0,0,0,0,47_34
14,NULL,55,34,1,0,0,0,0,55_34
15,NULL,60,34,1,0,0,0,0,60_34
16,NULL,53,31,1,0,0,0,0,53_31
17,NULL,52,21,1,0,0,0,0,52_21
18,NULL,52,13,1,0,0,0,0,52_13
19,NULL,50,13,1,0,0,0,0,50_13
20,NULL,49,31,1,0,0,0,0,49_31
21,NULL,43,32,1,0,0,0,0,43_32
22,NULL,39,32,1,0,0,0,0,39_32
23,NULL,33,33,1,0,0,0,0,33_33
24,NULL,28,33,1,0,0,0,0,28_33
25,NULL,24,33,1,0,0,0,0,24_33
26,NULL,17,32,1,0,0,0,0,17_32
27,NULL,77,16,1,0,0,0,0,77_16
28,NULL,103,16,1,0,0,0,0,103_16
29,NULL,115,15,1,0,0,0,0,115_15
30,NULL,112,15,1,0,0,0,0,112_15
31,NULL,110,15,1,0,0,0,0,110_15
32,NULL,107,14,1,0,0,0,0,107_14
33,NULL,102,14,1,0,0,0,0,102_14
34,NULL,99,15,1,0,0,0,0,99_15
35,NULL,96,15,1,0,0,0,0,96_15
36,NULL,90,15,1,0,0,0,0,90_15
37,NULL,88,15,1,0,0,0,0,88_15
38,NULL,86,15,1,0,0,0,0,86_15
39,NULL,84,15,1,0,0,0,0,84_15
40,NULL,81,15,1,0,0,0,0,81_15
41,NULL,45,20,2,0,0,0,0,45_20
42,NULL,14,32,2,0,0,0,0,14_32
43,NULL,16,32,2,0,0,0,0,16_32
44,NULL,19,32,2,0,0,0,0,19_32
45,NULL,23,32,2,0,0,0,0,23_32
46,NULL,25,32,2,0,0,0,0,25_32
47,NULL,28,32,2,0,0,0,0,28_32
48,NULL,32,32,2,0,0,0,0,32_32
49,NULL,35,32,2,0,0,0,0,35_32
50,NULL,38,32,2,0,0,0,0,38_32
51,NULL,40,32,2,0,0,0,0,40_32
52,NULL,44,32,2,0,0,0,0,44_32
53,NULL,48,25,2,0,0,0,0,48_25
54,NULL,46,16,2,0,0,0,0,46_16
55,NULL,52,16,2,0,0,0,0,52_16
56,NULL,54,17,2,0,0,0,0,54_17
57,NULL,54,20,2,0,0,0,0,54_20
58,NULL,54,24,2,0,0,0,0,54_24
59,NULL,54,28,2,0,0,0,0,54_28
60,NULL,54,31,2,0,0,0,0,54_31
61,NULL,54,33,2,0,0,0,0,54_33
62,NULL,50,33,2,0,0,0,0,50_33
63,NULL,45,33,2,0,0,0,0,45_33
64,NULL,38,34,2,0,0,0,0,38_34
66,NULL,36,34,2,0,0,0,0,36_34
67,NULL,31,37,2,0,0,0,0,31_37
68,NULL,27,38,2,0,0,0,0,27_38
69,NULL,23,43,2,0,0,0,0,23_43
70,NULL,20,43,2,0,0,0,0,20_43
71,NULL,20,40,2,0,0,0,0,20_40
72,NULL,19,37,2,0,0,0,0,19_37
73,NULL,27,31,3,0,0,0,0,27_31
74,NULL,31,29,3,0,0,0,0,31_29
75,NULL,35,31,3,0,0,0,0,35_31
76,NULL,46,31,3,0,0,0,0,46_31
77,NULL,47,25,3,0,0,0,0,47_25
78,NULL,47,20,3,0,0,0,0,47_20
79,NULL,47,16,3,0,0,0,0,47_16
80,NULL,46,13,3,0,0,0,0,46_13
81,NULL,49,13,3,0,0,0,0,49_13
82,NULL,52,13,3,0,0,0,0,52_13
83,NULL,54,13,3,0,0,0,0,54_13
84,NULL,54,15,3,0,0,0,0,54_15
85,NULL,54,18,3,0,0,0,0,54_18
86,NULL,52,21,3,0,0,0,0,52_21
87,NULL,54,23,3,0,0,0,0,54_23
88,NULL,54,26,3,0,0,0,0,54_26
89,NULL,54,28,3,0,0,0,0,54_28
90,NULL,54,30,3,0,0,0,0,54_30
91,NULL,54,32,3,0,0,0,0,54_32
93,NULL,51,32,3,0,0,0,0,51_32
94,NULL,48,32,3,0,0,0,0,48_32
95,NULL,45,33,3,0,0,0,0,45_33
96,NULL,36,33,3,0,0,0,0,36_33
97,NULL,27,36,3,0,0,0,0,27_36
98,NULL,26,39,3,0,0,0,0,26_39
99,NULL,22,40,3,0,0,0,0,22_40
100,NULL,19,37,3,0,0,0,0,19_37
101,NULL,34,32,4,0,0,0,0,34_32
102,NULL,23,29,4,0,0,0,0,23_29
103,NULL,36,25,4,0,0,0,0,36_25
104,NULL,36,19,4,0,0,0,0,36_19
105,NULL,36,16,4,0,0,0,0,36_16
106,NULL,37,14,4,0,0,0,0,37_14
107,NULL,47,14,4,0,0,0,0,47_14
108,NULL,54,27,4,0,0,0,0,54_27
109,NULL,51,29,4,0,0,0,0,51_29
110,NULL,46,29,4,0,0,0,0,46_29
111,NULL,39,32,4,0,0,0,0,39_32
112,NULL,27,38,1,0,0,0,0,27_38
113,1,30,36,1,0,0,0,0,30_36
114,2,40,35,1,0,0,0,0,40_35
115,3,42,35,1,0,0,0,0,42_35
116,4,54,37,1,0,0,0,0,54_37
117,5,30,36,2,0,0,0,0,30_36
118,6,40,35,2,0,0,0,0,40_35
119,7,42,35,2,0,0,0,0,42_35
120,8,54,37,2,0,0,0,0,54_37
121,9,51,30,2,0,0,0,0,51_30
122,10,40,35,3,0,0,0,0,40_35
123,11,42,35,3,0,0,0,0,42_35
124,12,50,23,3,0,0,0,0,50_23
125,13,11,31,3,0,0,0,0,11_31
126,14,40,35,4,0,0,0,0,40_35
127,15,42,35,4,0,0,0,0,42_35
128,16,50,23,4,0,0,0,0,50_23
129,17,11,31,4,0,0,0,0,11_31
130,NULL,50,32,1,0,0,0,0,50_32
131,NULL,97,13,1,0,0,0,0,97_13
132,NULL,42,22,4,0,0,0,0,42_22
