1,NULL,105,21,1,0,0,0,0,105_21
2,NULL,107,27,1,0,0,0,0,107_27
3,NULL,112,26,1,0,0,0,0,112_26
4,NULL,115,25,1,0,0,0,0,115_25
5,NULL,109,29,1,0,0,0,0,109_29
6,NULL,113,28,1,0,0,0,0,113_28
7,NULL,113,59,1,0,0,0,0,113_59
8,NULL,114,64,1,0,0,0,0,114_64
9,NULL,115,69,1,0,0,0,0,115_69
10,NULL,116,73,1,0,0,0,0,116_73
11,NULL,119,86,1,0,0,0,0,119_86
12,NULL,127,102,1,0,0,0,0,127_102
13,NULL,137,106,1,0,0,0,0,137_106
14,NULL,114,109,1,0,0,0,0,114_109
15,NULL,140,139,1,0,0,0,0,140_139
16,NULL,122,108,1,0,0,0,0,122_108
17,NULL,139,124,1,0,0,0,0,139_124
18,NULL,148,114,1,0,0,0,0,148_114
19,NULL,147,120,1,0,0,0,0,147_120
20,NULL,148,134,1,0,0,0,0,148_134
21,NULL,158,137,1,0,0,0,0,158_137
22,NULL,164,137,1,0,0,0,0,164_137
23,NULL,168,137,1,0,0,0,0,168_137
24,NULL,174,137,1,0,0,0,0,174_137
25,NULL,182,197,1,0,0,0,0,182_197
26,NULL,188,137,1,0,0,0,0,188_137
27,NULL,192,137,1,0,0,0,0,192_137
28,NULL,147,114,1,0,0,0,0,147_114
29,NULL,152,144,1,0,0,0,0,152_144
30,NULL,158,144,1,0,0,0,0,158_144
31,NULL,166,144,1,0,0,0,0,166_144
32,NULL,174,144,1,0,0,0,0,174_144
33,NULL,183,144,1,0,0,0,0,183_144
34,NULL,190,144,1,0,0,0,0,190_144
35,NULL,200,147,1,0,0,0,0,200_147
36,NULL,158,179,1,0,0,0,0,158_179
37,NULL,183,177,1,0,0,0,0,183_177
41,NULL,214,128,1,0,0,0,0,214_128
42,NULL,217,123,1,0,0,0,0,217_123
43,NULL,208,104,1,0,0,0,0,208_104
44,NULL,235,98,1,0,0,0,0,235_98
45,NULL,224,116,1,0,0,0,0,224_116
46,NULL,206,89,1,0,0,0,0,206_89
47,NULL,238,88,1,0,0,0,0,238_88
48,NULL,245,83,1,0,0,0,0,245_83
49,NULL,258,78,1,0,0,0,0,258_78
50,NULL,230,114,1,0,0,0,0,230_114
51,NULL,222,137,1,0,0,0,0,222_137
52,NULL,230,137,1,0,0,0,0,230_137
53,NULL,236,137,1,0,0,0,0,236_137
54,NULL,243,137,1,0,0,0,0,243_137
55,NULL,254,137,1,0,0,0,0,254_137
56,NULL,212,148,1,0,0,0,0,212_148
57,NULL,221,144,1,0,0,0,0,221_144
58,NULL,230,144,1,0,0,0,0,230_144
59,NULL,238,144,1,0,0,0,0,238_144
60,NULL,225,175,1,0,0,0,0,225_175
61,NULL,238,179,1,0,0,0,0,238_179
62,NULL,246,144,1,0,0,0,0,246_144
63,NULL,246,179,1,0,0,0,0,246_179
64,NULL,254,179,1,0,0,0,0,254_179
65,NULL,254,144,1,0,0,0,0,254_144
66,NULL,262,144,1,0,0,0,0,262_144
67,NULL,265,179,1,0,0,0,0,265_179
68,NULL,279,179,1,0,0,0,0,279_179
69,NULL,265,125,1,0,0,0,0,265_125
70,NULL,280,102,1,0,0,0,0,280_102
71,NULL,295,99,1,0,0,0,0,295_99
72,NULL,312,96,1,0,0,0,0,312_96
73,NULL,322,91,1,0,0,0,0,322_91
74,NULL,278,139,1,0,0,0,0,278_139
75,NULL,272,89,1,0,0,0,0,272_89
76,NULL,286,90,1,0,0,0,0,286_90
77,NULL,294,89,1,0,0,0,0,294_89
78,NULL,292,70,1,0,0,0,0,292_70
85,NULL,318,80,1,0,0,0,0,318_80
86,NULL,302,70,1,0,0,0,0,302_70
87,NULL,374,42,1,0,0,0,0,374_42
88,NULL,394,39,1,0,0,0,0,394_39
89,NULL,412,37,1,0,0,0,0,412_37
90,NULL,420,21,1,0,0,0,0,420_21
91,NULL,428,35,1,0,0,0,0,428_35
92,NULL,437,34,1,0,0,0,0,437_34
93,NULL,382,71,1,0,0,0,0,382_71
94,NULL,393,70,1,0,0,0,0,393_70
95,NULL,401,70,1,0,0,0,0,401_70
96,NULL,409,69,1,0,0,0,0,409_69
97,NULL,423,68,1,0,0,0,0,423_68
98,NULL,431,67,1,0,0,0,0,431_67
99,NULL,440,59,1,0,0,0,0,440_59
100,NULL,453,61,1,0,0,0,0,453_61
101,NULL,457,68,1,0,0,0,0,457_68
102,NULL,456,75,1,0,0,0,0,456_75
103,NULL,449,80,1,0,0,0,0,449_80
104,NULL,429,78,1,0,0,0,0,429_78
105,NULL,409,80,1,0,0,0,0,409_80
106,NULL,402,80,1,0,0,0,0,402_80
107,NULL,395,81,1,0,0,0,0,395_81
108,NULL,391,81,1,0,0,0,0,391_81
109,NULL,386,81,1,0,0,0,0,386_81
110,NULL,380,82,1,0,0,0,0,380_82
111,NULL,384,105,1,0,0,0,0,384_105
112,NULL,395,104,1,0,0,0,0,395_104
113,NULL,403,103,1,0,0,0,0,403_103
114,NULL,411,103,1,0,0,0,0,411_103
115,NULL,431,101,1,0,0,0,0,431_101
116,NULL,447,100,1,0,0,0,0,447_100
117,NULL,457,99,1,0,0,0,0,457_99
118,NULL,468,89,1,0,0,0,0,468_89
119,NULL,385,115,1,0,0,0,0,385_115
120,NULL,402,113,1,0,0,0,0,402_113
121,NULL,402,112,1,0,0,0,0,402_112
122,NULL,428,111,1,0,0,0,0,428_111
123,NULL,436,110,1,0,0,0,0,436_110
124,NULL,444,110,1,0,0,0,0,444_110
125,NULL,471,108,1,0,0,0,0,471_108
126,NULL,483,86,1,0,0,0,0,483_86
127,NULL,484,101,1,0,0,0,0,484_101
128,NULL,139,142,2,0,0,0,0,139_142
129,NULL,142,133,2,0,0,0,0,142_133
130,NULL,150,133,2,0,0,0,0,150_133
131,NULL,157,133,2,0,0,0,0,157_133
132,NULL,165,133,2,0,0,0,0,165_133
133,NULL,174,133,2,0,0,0,0,174_133
134,NULL,182,133,2,0,0,0,0,182_133
135,NULL,187,133,2,0,0,0,0,187_133
136,NULL,146,148,2,0,0,0,0,146_148
137,NULL,152,148,2,0,0,0,0,152_148
138,NULL,158,148,2,0,0,0,0,158_148
139,NULL,166,148,2,0,0,0,0,166_148
140,NULL,174,148,2,0,0,0,0,174_148
141,NULL,182,148,2,0,0,0,0,182_148
142,NULL,188,148,2,0,0,0,0,188_148
143,NULL,195,149,2,0,0,0,0,195_149
144,NULL,214,149,2,0,0,0,0,214_149
145,NULL,220,148,2,0,0,0,0,220_148
146,NULL,224,148,2,0,0,0,0,224_148
147,NULL,230,148,2,0,0,0,0,230_148
148,NULL,236,148,2,0,0,0,0,236_148
149,NULL,242,148,2,0,0,0,0,242_148
150,NULL,253,148,2,0,0,0,0,253_148
151,NULL,259,148,2,0,0,0,0,259_148
152,NULL,264,148,2,0,0,0,0,264_148
153,NULL,270,148,2,0,0,0,0,270_148
154,NULL,276,148,2,0,0,0,0,276_148
155,NULL,167,114,2,0,0,0,0,167_114
158,NULL,196,121,2,0,0,0,0,196_121
159,NULL,197,114,2,0,0,0,0,197_114
160,NULL,199,110,2,0,0,0,0,199_110
161,NULL,202,105,2,0,0,0,0,202_105
162,NULL,207,101,2,0,0,0,0,207_101
163,NULL,211,90,2,0,0,0,0,211_90
164,NULL,220,88,2,0,0,0,0,220_88
165,NULL,225,88,2,0,0,0,0,225_88
166,NULL,232,91,2,0,0,0,0,232_91
167,NULL,234,133,2,0,0,0,0,234_133
168,NULL,217,128,2,0,0,0,0,217_128
169,NULL,235,118,2,0,0,0,0,235_118
170,NULL,252,133,2,0,0,0,0,252_133
171,NULL,262,133,2,0,0,0,0,262_133
172,NULL,268,133,2,0,0,0,0,268_133
173,NULL,272,133,2,0,0,0,0,272_133
174,NULL,278,140,2,0,0,0,0,278_140
175,NULL,229,89,2,0,0,0,0,229_89
176,NULL,192,133,2,0,0,0,0,192_133
177,NULL,324,74,1,0,0,0,0,324_74
178,NULL,153,141,2,0,0,0,0,153_141
179,NULL,248,148,2,0,0,0,0,248_148
180,NULL,479,58,1,0,0,0,0,479_58
181,1,142,151,1,0,0,0,0,142_151
182,2,165,115,1,0,0,0,0,165_115
183,3,165,118,1,0,0,0,0,165_118
184,4,180,120,1,0,0,0,0,180_120
185,5,196,125,1,0,0,0,0,196_125
186,6,196,131,1,0,0,0,0,196_131
187,7,202,113,1,0,0,0,0,202_113
188,8,194,141,1,0,0,0,0,194_141
189,9,218,141,1,0,0,0,0,218_141
190,10,250,118,1,0,0,0,0,250_118
191,11,277,132,1,0,0,0,0,277_132
192,12,142,151,2,0,0,0,0,142_151
193,13,165,115,2,0,0,0,0,165_115
194,14,165,118,2,0,0,0,0,165_118
195,15,180,120,2,0,0,0,0,180_120
196,16,196,125,2,0,0,0,0,196_125
197,17,196,131,2,0,0,0,0,196_131
198,18,202,113,2,0,0,0,0,202_113
199,19,194,141,2,0,0,0,0,194_141
200,20,218,141,2,0,0,0,0,218_141
201,21,250,118,2,0,0,0,0,250_118
202,22,277,132,2,0,0,0,0,277_132
203,NULL,205,140,1,0,0,0,0,205_140
