1,null,55,265,1,0,0,0,0,55_265
2,null,69,256,1,0,0,0,0,69_256
3,null,55,276,1,0,0,0,0,55_276
4,null,73,224,1,0,0,0,0,73_224
5,null,68,212,1,0,0,0,0,68_212
6,null,92,233,1,0,0,0,0,92_233
7,null,138,280,1,0,0,0,0,138_280
8,null,93,261,1,0,0,0,0,93_261
9,null,101,261,1,0,0,0,0,101_261
10,null,104,263,1,0,0,0,0,104_263
11,null,109,266,1,0,0,0,0,109_266
12,null,115,269,1,0,0,0,0,115_269
13,null,118,271,1,0,0,0,0,118_271
14,null,122,274,1,0,0,0,0,122_274
15,null,125,275,1,0,0,0,0,125_275
16,null,128,277,1,0,0,0,0,128_277
17,null,138,283,1,0,0,0,0,138_283
18,null,146,287,1,0,0,0,0,146_287
19,null,151,290,1,0,0,0,0,151_290
20,null,173,306,1,0,0,0,0,173_306
21,null,162,323,1,0,0,0,0,162_323
22,null,155,319,1,0,0,0,0,155_319
23,null,152,317,1,0,0,0,0,152_317
24,null,146,313,1,0,0,0,0,146_313
25,null,140,309,1,0,0,0,0,140_309
26,null,134,304,1,0,0,0,0,134_304
27,null,126,299,1,0,0,0,0,126_299
28,null,122,296,1,0,0,0,0,122_296
29,null,116,293,1,0,0,0,0,116_293
30,null,108,289,1,0,0,0,0,108_289
31,null,104,287,1,0,0,0,0,104_287
32,null,96,284,1,0,0,0,0,96_284
33,null,80,286,1,0,0,0,0,80_286
34,null,87,290,1,0,0,0,0,87_290
35,null,92,293,1,0,0,0,0,92_293
36,null,99,297,1,0,0,0,0,99_297
37,null,107,302,1,0,0,0,0,107_302
38,null,121,310,1,0,0,0,0,121_310
39,null,126,313,1,0,0,0,0,126_313
40,null,130,315,1,0,0,0,0,130_315
41,null,133,137,1,0,0,0,0,133_137
42,null,165,338,1,0,0,0,0,165_338
43,null,137,335,1,0,0,0,0,137_335
44,null,73,319,1,0,0,0,0,73_319
45,null,66,303,1,0,0,0,0,66_303
46,null,196,323,1,0,0,0,0,196_323
47,null,219,306,1,0,0,0,0,219_306
48,null,224,302,1,0,0,0,0,224_302
49,null,229,299,1,0,0,0,0,229_299
50,null,234,295,1,0,0,0,0,234_295
51,null,254,309,1,0,0,0,0,254_309
52,null,293,309,1,0,0,0,0,293_309
53,null,317,309,1,0,0,0,0,317_309
54,null,326,311,1,0,0,0,0,326_311
55,null,302,311,1,0,0,0,0,302_311
56,null,202,328,1,0,0,0,0,202_328
57,null,212,335,1,0,0,0,0,212_335
58,null,221,335,1,0,0,0,0,221_335
59,null,229,335,1,0,0,0,0,229_335
60,null,236,335,1,0,0,0,0,236_335
61,null,239,335,1,0,0,0,0,239_335
62,null,245,335,1,0,0,0,0,245_335
63,null,258,335,1,0,0,0,0,258_335
64,null,275,335,1,0,0,0,0,275_335
65,null,279,335,1,0,0,0,0,279_335
66,null,284,335,1,0,0,0,0,284_335
67,null,291,335,1,0,0,0,0,291_335
68,null,295,335,1,0,0,0,0,295_335
69,null,300,335,1,0,0,0,0,300_335
70,null,303,335,1,0,0,0,0,303_335
71,null,308,335,1,0,0,0,0,308_335
72,null,317,335,1,0,0,0,0,317_335
73,null,181,355,1,0,0,0,0,181_355
74,null,195,348,1,0,0,0,0,195_348
75,null,213,344,1,0,0,0,0,213_344
76,null,221,344,1,0,0,0,0,221_344
77,null,227,345,1,0,0,0,0,227_345
78,null,231,346,1,0,0,0,0,231_346
79,null,238,347,1,0,0,0,0,238_347
80,null,250,349,1,0,0,0,0,250_349
81,null,256,349,1,0,0,0,0,256_349
82,null,269,349,1,0,0,0,0,269_349
83,null,277,348,1,0,0,0,0,277_348
84,null,285,347,1,0,0,0,0,285_347
85,null,291,346,1,0,0,0,0,291_346
86,null,295,345,1,0,0,0,0,295_345
87,null,308,344,1,0,0,0,0,308_344
88,null,311,344,1,0,0,0,0,311_344
89,null,326,347,1,0,0,0,0,326_347
90,null,343,347,1,0,0,0,0,343_347
91,null,346,339,1,0,0,0,0,346_339
92,null,343,325,1,0,0,0,0,343_325
94,null,468,238,1,0,0,0,0,468_238
95,null,366,278,1,0,0,0,0,366_278
96,null,374,274,1,0,0,0,0,374_274
97,null,381,274,1,0,0,0,0,381_274
98,null,390,274,1,0,0,0,0,390_274
99,null,419,274,1,0,0,0,0,419_274
100,null,430,274,1,0,0,0,0,430_274
101,null,439,274,1,0,0,0,0,439_274
102,null,356,302,1,0,0,0,0,356_302
103,null,365,297,1,0,0,0,0,365_297
104,null,414,295,1,0,0,0,0,414_295
105,null,434,335,1,0,0,0,0,434_335
106,null,435,347,1,0,0,0,0,435_347
107,null,439,360,1,0,0,0,0,439_360
108,null,30,283,1,0,0,0,0,30_283
109,null,25,272,1,0,0,0,0,25_272
110,null,60,260,1,0,0,0,0,60_260
112,null,76,252,1,0,0,0,0,76_252
113,null,76,232,1,0,0,0,0,76_232
114,null,74,228,1,0,0,0,0,74_228
115,null,71,220,1,0,0,0,0,71_220
116,null,69,216,1,0,0,0,0,69_216
117,null,66,207,1,0,0,0,0,66_207
118,null,126,199,1,0,0,0,0,126_199
119,null,119,211,1,0,0,0,0,119_211
120,null,117,214,1,0,0,0,0,117_214
121,null,115,218,1,0,0,0,0,115_218
122,null,113,221,1,0,0,0,0,113_221
123,null,111,225,1,0,0,0,0,111_225
124,null,109,228,1,0,0,0,0,109_228
125,null,101,242,1,0,0,0,0,101_242
126,null,99,245,1,0,0,0,0,99_245
127,null,97,249,1,0,0,0,0,97_249
128,null,156,293,1,0,0,0,0,156_293
129,null,159,295,1,0,0,0,0,159_295
130,null,163,297,1,0,0,0,0,163_297
131,null,167,300,1,0,0,0,0,167_300
132,null,111,290,1,0,0,0,0,111_290
133,null,101,286,1,0,0,0,0,101_286
134,null,89,280,1,0,0,0,0,89_280
135,null,86,279,1,0,0,0,0,86_279
136,null,71,284,1,0,0,0,0,71_284
137,null,87,329,1,0,0,0,0,87_329
138,null,100,336,1,0,0,0,0,100_336
139,null,108,341,1,0,0,0,0,108_341
140,null,142,382,1,0,0,0,0,142_382
141,null,142,374,1,0,0,0,0,142_374
142,null,142,367,1,0,0,0,0,142_367
143,null,155,356,1,0,0,0,0,155_356
144,null,161,354,1,0,0,0,0,161_354
145,null,166,352,1,0,0,0,0,166_352
146,null,172,352,1,0,0,0,0,172_352
147,null,190,353,1,0,0,0,0,190_353
148,null,199,344,1,0,0,0,0,199_344
149,null,205,344,1,0,0,0,0,205_344
150,null,339,350,1,0,0,0,0,339_350
151,null,325,330,1,0,0,0,0,325_330
152,null,271,335,1,0,0,0,0,271_335
153,null,268,335,1,0,0,0,0,268_335
154,null,201,319,1,0,0,0,0,201_319
155,null,205,316,1,0,0,0,0,205_316
156,null,209,313,1,0,0,0,0,209_313
157,null,237,293,1,0,0,0,0,237_293
158,null,237,303,1,0,0,0,0,237_303
159,null,244,298,1,0,0,0,0,244_298
160,null,262,306,1,0,0,0,0,262_306
161,null,269,302,1,0,0,0,0,269_302
162,null,277,306,1,0,0,0,0,277_306
163,null,285,309,1,0,0,0,0,285_309
164,null,301,309,1,0,0,0,0,301_309
165,null,309,309,1,0,0,0,0,309_309
166,null,325,309,1,0,0,0,0,325_309
167,null,332,309,1,0,0,0,0,332_309
168,null,218,317,1,0,0,0,0,218_317
169,null,227,310,1,0,0,0,0,227_310
170,null,245,311,1,0,0,0,0,245_311
171,null,252,311,1,0,0,0,0,252_311
172,null,263,315,1,0,0,0,0,263_315
173,null,276,315,1,0,0,0,0,276_315
174,null,285,311,1,0,0,0,0,285_311
175,null,294,311,1,0,0,0,0,294_311
176,null,309,311,1,0,0,0,0,309_311
177,null,318,311,1,0,0,0,0,318_311
178,null,327,311,1,0,0,0,0,327_311
179,null,346,318,1,0,0,0,0,346_318
180,null,397,274,1,0,0,0,0,397_274
181,null,406,274,1,0,0,0,0,406_274
182,null,446,272,1,0,0,0,0,446_272
183,null,452,272,1,0,0,0,0,452_272
184,null,414,295,1,0,0,0,0,414_295
185,null,392,295,1,0,0,0,0,392_295
186,null,399,295,1,0,0,0,0,399_295
187,null,407,295,1,0,0,0,0,407_295
188,null,421,295,1,0,0,0,0,421_295
189,null,421,295,1,0,0,0,0,421_295
190,null,428,312,1,0,0,0,0,428_312
191,null,429,318,1,0,0,0,0,429_318
192,null,433,327,1,0,0,0,0,433_327
193,null,55,275,2,0,0,0,0,55_275
194,null,63,259,2,0,0,0,0,63_259
195,null,95,245,2,0,0,0,0,95_245
196,null,117,238,2,0,0,0,0,117_238
197,null,125,224,2,0,0,0,0,125_224
198,null,130,215,2,0,0,0,0,130_215
199,null,138,201,2,0,0,0,0,138_201
200,null,,,2,0,0,0,0,
201,null,166,214,2,0,0,0,0,166_214
202,null,163,220,2,0,0,0,0,163_220
203,null,160,225,2,0,0,0,0,160_225
204,null,156,232,2,0,0,0,0,156_232
205,null,152,239,2,0,0,0,0,152_239
206,null,149,244,2,0,0,0,0,149_244
207,null,151,256,2,0,0,0,0,151_256
208,null,144,262,2,0,0,0,0,144_262
209,null,130,257,2,0,0,0,0,130_257
210,null,111,260,2,0,0,0,0,111_260
211,null,95,276,2,0,0,0,0,95_276
212,null,98,281,2,0,0,0,0,98_281
213,null,102,282,2,0,0,0,0,102_282
214,null,107,284,2,0,0,0,0,107_284
215,null,141,305,2,0,0,0,0,141_305
216,null,146,309,2,0,0,0,0,146_309
217,null,183,309,2,0,0,0,0,183_309
218,null,183,324,2,0,0,0,0,183_324
219,null,210,316,2,0,0,0,0,210_316
220,null,262,306,2,0,0,0,0,262_306
221,null,301,309,2,0,0,0,0,301_309
222,null,237,311,2,0,0,0,0,237_311
223,null,301,311,2,0,0,0,0,301_311
224,null,222,335,2,0,0,0,0,222_335
225,null,228,335,2,0,0,0,0,228_335
226,null,243,335,2,0,0,0,0,243_335
227,null,263,335,2,0,0,0,0,263_335
228,null,293,335,2,0,0,0,0,293_335
229,null,303,335,2,0,0,0,0,303_335
230,null,325,330,2,0,0,0,0,325_330
231,null,343,324,2,0,0,0,0,343_324
232,null,80,286,2,0,0,0,0,80_286
233,null,,,2,0,0,0,0,
234,null,121,310,2,0,0,0,0,121_310
235,null,128,314,2,0,0,0,0,128_314
236,null,135,318,2,0,0,0,0,135_318
237,null,142,322,2,0,0,0,0,142_322
238,null,160,332,2,0,0,0,0,160_332
239,null,,,2,0,0,0,0,
240,null,195,348,2,0,0,0,0,195_348
241,null,209,348,2,0,0,0,0,209_348
242,null,227,349,2,0,0,0,0,227_349
243,null,236,351,2,0,0,0,0,236_351
244,null,256,353,2,0,0,0,0,256_353
245,null,277,352,2,0,0,0,0,277_352
246,null,288,351,2,0,0,0,0,288_351
247,null,295,349,2,0,0,0,0,295_349
248,null,306,348,2,0,0,0,0,306_348
249,null,319,348,2,0,0,0,0,319_348
250,null,327,349,2,0,0,0,0,327_349
251,null,341,348,2,0,0,0,0,341_348
252,null,76,253,2,0,0,0,0,76_253
253,null,120,233,2,0,0,0,0,120_233
254,null,122,229,2,0,0,0,0,122_229
255,null,127,220,2,0,0,0,0,127_220
256,null,128,218,2,0,0,0,0,128_218
257,null,263,335,2,0,0,0,0,263_335
258,null,136,206,2,0,0,0,0,136_206
259,null,141,197,2,0,0,0,0,141_197
260,null,143,192,2,0,0,0,0,143_192
261,null,170,208,2,0,0,0,0,170_208
262,null,113,287,2,0,0,0,0,113_287
263,null,117,289,2,0,0,0,0,117_289
264,null,120,291,2,0,0,0,0,120_291
265,null,123,293,2,0,0,0,0,123_293
266,null,127,295,2,0,0,0,0,127_295
267,null,130,297,2,0,0,0,0,130_297
268,null,133,299,2,0,0,0,0,133_299
269,null,137,302,2,0,0,0,0,137_302
270,null,149,312,2,0,0,0,0,149_312
271,null,158,321,2,0,0,0,0,158_321
272,null,162,323,2,0,0,0,0,162_323
273,null,166,325,2,0,0,0,0,166_325
274,null,191,327,2,0,0,0,0,191_327
275,null,194,331,2,0,0,0,0,194_331
276,null,206,333,2,0,0,0,0,206_333
277,null,231,335,2,0,0,0,0,231_335
278,null,235,335,2,0,0,0,0,235_335
279,null,239,335,2,0,0,0,0,239_335
280,null,243,335,2,0,0,0,0,243_335
281,null,247,335,2,0,0,0,0,247_335
282,null,251,335,2,0,0,0,0,251_335
283,null,255,335,2,0,0,0,0,255_335
284,null,259,335,2,0,0,0,0,259_335
285,null,267,335,2,0,0,0,0,267_335
286,null,271,335,2,0,0,0,0,271_335
287,null,275,335,2,0,0,0,0,275_335
288,null,279,335,2,0,0,0,0,279_335
289,null,283,335,2,0,0,0,0,283_335
290,null,287,335,2,0,0,0,0,287_335
291,null,299,335,2,0,0,0,0,299_335
292,null,307,335,2,0,0,0,0,307_335
293,null,311,335,2,0,0,0,0,311_335
294,null,315,335,2,0,0,0,0,315_335
295,null,68,284,2,0,0,0,0,68_284
296,null,75,283,2,0,0,0,0,75_283
297,null,85,289,2,0,0,0,0,85_289
298,null,88,291,2,0,0,0,0,88_291
299,null,92,293,2,0,0,0,0,92_293
300,null,95,295,2,0,0,0,0,95_295
301,null,98,297,2,0,0,0,0,98_297
302,null,102,299,2,0,0,0,0,102_299
303,null,106,301,2,0,0,0,0,106_301
304,null,109,303,2,0,0,0,0,109_303
305,null,147,325,2,0,0,0,0,147_325
306,null,151,327,2,0,0,0,0,151_327
307,null,154,356,2,0,0,0,0,154_356
308,null,173,351,2,0,0,0,0,173_351
309,null,190,351,2,0,0,0,0,190_351
310,null,199,348,2,0,0,0,0,199_348
311,null,215,348,2,0,0,0,0,215_348
312,null,215,348,2,0,0,0,0,215_348
313,null,232,350,2,0,0,0,0,232_350
314,null,240,325,2,0,0,0,0,240_325
315,null,243,352,2,0,0,0,0,243_352
316,null,247,352,2,0,0,0,0,247_352
317,null,252,353,2,0,0,0,0,252_353
318,null,267,353,2,0,0,0,0,267_353
319,null,271,353,2,0,0,0,0,271_353
320,null,283,351,2,0,0,0,0,283_351
321,null,299,349,2,0,0,0,0,299_349
322,null,312,348,2,0,0,0,0,312_348
323,null,316,348,2,0,0,0,0,316_348
324,null,345,339,2,0,0,0,0,345_339
325,null,55,266,2,0,0,0,0,55_266
326,null,214,311,2,0,0,0,0,214_311
327,null,192,293,2,0,0,0,0,192_293
328,null,153,316,2,0,0,0,0,153_316
329,null,180,363,2,0,0,0,0,180_363
330,null,347,315,2,0,0,0,0,347_315
331,null,316,311,2,0,0,0,0,316_311
332,null,309,311,2,0,0,0,0,309_311
333,null,293,311,2,0,0,0,0,293_311
334,null,286,311,2,0,0,0,0,286_311
335,null,276,315,2,0,0,0,0,276_315
336,null,316,309,2,0,0,0,0,316_309
337,null,309,309,2,0,0,0,0,309_309
338,null,293,309,2,0,0,0,0,293_309
339,null,286,309,2,0,0,0,0,286_309
340,null,276,305,2,0,0,0,0,276_305
341,null,269,302,2,0,0,0,0,269_302
342,null,251,309,2,0,0,0,0,251_309
343,null,240,309,2,0,0,0,0,240_309
344,null,229,309,2,0,0,0,0,229_309
345,null,220,309,2,0,0,0,0,220_309
346,null,215,314,2,0,0,0,0,215_314
347,null,229,311,2,0,0,0,0,229_311
403,null,,,1,0,0,0,0,
404,null,258,74,1,0,0,0,0,258_74
405,null,366,149,1,0,0,0,0,366_149
406,null,430,40,1,0,0,0,0,430_40
410,null,,,,,,,,
411,null,,,,,,,,
413,null,,,,,,,,
414,null,,,,,,,,
415,null,,,,,,,,
416,null,,,,,,,,
417,null,,,,,,,,
418,1,75,240,1,0,0,0,0,75_240
419,2,75,262,1,0,0,0,0,75_262
420,3,53,284,1,0,0,0,0,53_284
421,4,115,298,1,0,0,0,0,115_298
422,5,113,306,1,0,0,0,0,113_306
423,6,121,302,1,0,0,0,0,121_302
424,7,154,342,1,0,0,0,0,154_342
425,8,191,335,1,0,0,0,0,191_335
426,9,258,342,1,0,0,0,0,258_342
427,10,260,354,1,0,0,0,0,260_354
428,11,265,342,1,0,0,0,0,265_342
429,12,327,342,1,0,0,0,0,327_342
430,13,327,336,1,0,0,0,0,327_336
431,14,336,357,1,0,0,0,0,336_357
432,15,275,310,1,0,0,0,0,275_310
433,16,75,240,2,0,0,0,0,75_240
434,17,75,262,2,0,0,0,0,75_262
435,18,53,284,2,0,0,0,0,53_284
436,19,115,298,2,0,0,0,0,115_298
437,20,113,306,2,0,0,0,0,113_306
438,21,121,302,2,0,0,0,0,121_302
439,22,154,342,2,0,0,0,0,154_342
440,23,191,335,2,0,0,0,0,191_335
441,24,258,342,2,0,0,0,0,258_342
442,25,260,354,2,0,0,0,0,260_354
443,26,265,342,2,0,0,0,0,265_342
444,27,327,342,2,0,0,0,0,327_342
445,28,327,336,2,0,0,0,0,327_336
446,29,336,357,2,0,0,0,0,336_357
447,30,275,310,2,0,0,0,0,275_310
448,null,181,338,1,0,0,0,0,181_338
