1,1,1,'null'
2,2,2,'null'
3,3,3,'null'
4,4,4,'null'
5,5,5,'null'
6,6,6,'null'
7,7,7,'null'
8,8,8,'null'
9,9,9,'null'
10,10,10,'null'
11,11,11,'null'
12,12,12,'null'
13,13,13,'null'
14,14,14,'null'
15,15,15,'null'
16,16,16,'null'
17,17,17,'null'
18,18,18,'null'
19,19,19,'null'
20,20,20,'null'
21,21,21,'null'
22,22,22,'null'
23,23,23,'null'
24,24,24,'null'
25,25,25,'null'
26,26,26,'null'
27,27,27,'null'
28,28,28,'null'
29,29,29,'null'
30,30,30,'null'
31,31,31,'null'
32,32,32,'null'
33,33,33,'null'
34,34,34,'null'
35,35,35,'null'
36,36,36,'null'
37,37,37,'null'
38,38,38,'null'
39,39,39,'null'
40,40,40,'null'
41,41,41,'null'
42,42,42,'null'
43,43,43,'null'
44,44,44,'null'
45,45,45,'null'
46,46,46,'null'
47,47,47,'null'
48,48,48,'null'
49,49,49,'null'
50,50,50,'null'
51,51,51,'null'
52,52,52,'null'
53,53,53,'null'
54,54,54,'null'
55,55,55,'null'
56,56,56,'null'
57,57,57,'null'
58,58,58,'null'
59,59,59,'null'
60,60,60,'null'
61,61,61,'null'
62,62,62,'null'
63,63,63,'null'
64,64,64,'null'
65,65,65,'null'
66,66,66,'null'
67,67,67,'null'
68,68,68,'null'
69,69,69,'null'
70,70,70,'null'
71,71,71,'null'
72,72,72,'null'
73,73,73,'null'
74,74,74,'null'
75,75,75,'null'
76,76,76,'null'
77,77,77,'null'
78,78,78,'null'
79,79,79,'null'
80,80,80,'null'
81,81,81,'null'
82,82,82,'null'
83,83,83,'null'
84,84,84,'null'
85,85,85,'null'
86,86,86,'null'
87,87,87,'null'
88,88,88,'null'
89,89,89,'null'
90,90,90,'null'
91,91,91,'null'
92,92,92,'null'
93,94,94,'null'
94,95,95,'null'
95,96,96,'null'
96,97,97,'null'
97,98,98,'null'
98,99,99,'null'
99,100,100,'null'
100,101,101,'null'
101,102,102,'null'
102,103,103,'null'
103,104,104,'null'
104,105,105,'null'
105,106,106,'null'
106,107,107,'null'
107,108,108,'null'
108,109,109,'null'
109,110,110,'null'
110,112,112,'null'
111,113,113,'null'
112,114,114,'null'
113,115,115,'null'
114,116,116,'null'
115,117,117,'null'
116,118,118,'null'
117,119,119,'null'
118,120,120,'null'
119,121,121,'null'
120,122,122,'null'
121,123,123,'null'
122,124,124,'null'
123,125,125,'null'
124,126,126,'null'
125,127,127,'null'
126,128,128,'null'
127,129,129,'null'
128,130,130,'null'
129,131,131,'null'
130,132,132,'null'
131,133,133,'null'
132,134,134,'null'
133,135,135,'null'
134,136,136,'null'
135,137,137,'null'
136,138,138,'null'
137,139,139,'null'
138,140,140,'null'
139,141,141,'null'
140,142,142,'null'
141,143,143,'null'
142,144,144,'null'
143,145,145,'null'
144,146,146,'null'
145,147,147,'null'
146,148,148,'null'
147,149,149,'null'
148,150,150,'null'
149,151,151,'null'
150,152,152,'null'
151,153,153,'null'
152,154,154,'null'
153,155,155,'null'
154,156,156,'null'
155,157,157,'null'
156,158,158,'null'
157,159,159,'null'
158,160,160,'null'
159,161,161,'null'
160,162,162,'null'
161,163,163,'null'
162,164,164,'null'
163,165,165,'null'
164,166,166,'null'
165,167,167,'null'
166,168,168,'null'
167,169,169,'null'
168,170,170,'null'
169,171,171,'null'
170,172,172,'null'
171,173,173,'null'
172,174,174,'null'
173,175,175,'null'
174,176,176,'null'
175,177,177,'null'
176,178,178,'null'
177,179,179,'null'
178,180,180,'null'
179,181,181,'null'
180,182,182,'null'
181,183,183,'null'
182,184,184,'null'
183,185,185,'null'
184,186,186,'null'
185,187,187,'null'
186,188,188,'null'
187,189,189,'null'
188,190,190,'null'
189,191,191,'null'
190,192,192,'null'
191,193,193,'null'
192,194,194,'null'
193,195,195,'null'
194,196,196,'null'
195,197,197,'null'
196,198,198,'null'
197,199,199,'null'
198,200,200,'null'
199,201,201,'null'
200,202,202,'null'
201,203,203,'null'
202,204,204,'null'
203,205,205,'null'
204,206,206,'null'
205,207,207,'null'
206,208,208,'null'
207,209,209,'null'
208,210,210,'null'
209,211,211,'null'
210,212,212,'null'
211,213,213,'null'
212,214,214,'null'
213,215,215,'null'
214,216,216,'null'
215,217,217,'null'
216,218,218,'null'
217,219,219,'null'
218,220,220,'null'
219,221,221,'null'
220,222,222,'null'
221,223,223,'null'
222,224,224,'null'
223,225,225,'null'
224,226,226,'null'
225,227,227,'null'
226,228,228,'null'
227,229,229,'null'
228,230,230,'null'
229,231,231,'null'
230,232,232,'null'
231,233,233,'null'
232,234,234,'null'
233,235,235,'null'
234,236,236,'null'
235,237,237,'null'
236,238,238,'null'
237,239,239,'null'
238,240,240,'null'
239,241,241,'null'
240,242,242,'null'
241,243,243,'null'
242,244,244,'null'
243,245,245,'null'
244,246,246,'null'
245,247,247,'null'
246,248,248,'null'
247,249,249,'null'
248,250,250,'null'
249,251,251,'null'
250,252,252,'null'
251,253,253,'null'
252,254,254,'null'
253,255,255,'null'
254,256,256,'null'
255,257,257,'null'
256,258,258,'null'
257,259,259,'null'
258,260,260,'null'
259,261,261,'null'
260,262,262,'null'
261,263,263,'null'
262,264,264,'null'
263,265,265,'null'
264,266,266,'null'
265,267,267,'null'
266,268,268,'null'
267,269,269,'null'
268,270,270,'null'
269,271,271,'null'
270,272,272,'null'
271,273,273,'null'
272,274,274,'null'
273,275,275,'null'
274,276,276,'null'
275,277,277,'null'
276,278,278,'null'
277,279,279,'null'
278,280,280,'null'
279,281,281,'null'
280,282,282,'null'
281,283,283,'null'
282,284,284,'null'
283,285,285,'null'
284,286,286,'null'
285,287,287,'null'
286,288,288,'null'
287,289,289,'null'
288,290,290,'null'
289,291,291,'null'
290,292,292,'null'
291,293,293,'null'
292,294,294,'null'
293,295,295,'null'
294,296,296,'null'
295,297,297,'null'
296,298,298,'null'
297,299,299,'null'
298,300,300,'null'
299,301,301,'null'
300,302,302,'null'
301,303,303,'null'
302,304,304,'null'
303,305,305,'null'
304,306,306,'null'
305,307,307,'null'
306,308,308,'null'
307,309,309,'null'
308,310,310,'null'
309,311,311,'null'
310,312,312,'null'
311,313,313,'null'
312,314,314,'null'
313,315,315,'null'
314,316,316,'null'
315,317,317,'null'
316,318,318,'null'
317,319,319,'null'
318,320,320,'null'
319,321,321,'null'
320,322,322,'null'
321,323,323,'null'
322,324,324,'null'
323,325,325,'null'
324,326,326,'null'
325,327,327,'null'
326,328,328,'null'
327,329,329,'null'
328,330,330,'null'
329,331,331,'null'
330,332,332,'null'
331,333,333,'null'
332,334,334,'null'
333,335,335,'null'
334,336,336,'null'
335,337,337,'null'
336,338,338,'null'
337,339,339,'null'
338,340,340,'null'
339,341,341,'null'
340,342,342,'null'
341,343,343,'null'
342,344,344,'null'
343,345,345,'null'
344,346,346,'null'
345,347,347,'null'
346,403,403,'null'
347,404,404,'null'
348,405,405,'null'
349,406,406,'null'
350,410,410,'null'
351,411,411,'null'
352,413,413,'null'
353,414,414,'null'
354,415,415,'null'
355,416,416,'null'
356,417,417,'null'
