1,NULL,203,77,1,0,0,0,0,203_77
2,NULL,179,74,1,0,0,0,0,179_74
3,NULL,156,74,1,0,0,0,0,156_74
4,NULL,131,75,1,0,0,0,0,131_75
5,NULL,65,75,1,0,0,0,0,65_75
6,NULL,55,77,1,0,0,0,0,55_77
7,NULL,58,73,1,0,0,0,0,58_73
8,NULL,61,74,1,0,0,0,0,61_74
9,NULL,73,77,1,0,0,0,0,73_77
10,NULL,83,80,1,0,0,0,0,83_80
11,NULL,87,81,1,0,0,0,0,87_81
12,NULL,93,82,1,0,0,0,0,93_82
13,NULL,98,82,1,0,0,0,0,98_82
14,NULL,101,82,1,0,0,0,0,101_82
15,NULL,103,82,1,0,0,0,0,103_82
16,NULL,106,82,1,0,0,0,0,106_82
17,NULL,110,82,1,0,0,0,0,110_82
18,NULL,114,82,1,0,0,0,0,114_82
19,NULL,124,81,1,0,0,0,0,124_81
20,NULL,133,74,1,0,0,0,0,133_74
21,NULL,134,76,1,0,0,0,0,134_76
22,NULL,138,77,1,0,0,0,0,138_77
23,NULL,143,77,1,0,0,0,0,143_77
24,NULL,151,75,1,0,0,0,0,151_75
25,NULL,162,74,1,0,0,0,0,162_74
26,NULL,166,74,1,0,0,0,0,166_74
27,NULL,169,73,1,0,0,0,0,169_73
28,NULL,173,74,1,0,0,0,0,173_74
29,NULL,185,75,1,0,0,0,0,185_75
30,NULL,194,77,1,0,0,0,0,194_77
31,NULL,198,77,1,0,0,0,0,198_77
32,NULL,206,78,1,0,0,0,0,206_78
33,NULL,225,88,1,0,0,0,0,225_88
34,NULL,229,88,1,0,0,0,0,229_88
35,NULL,223,88,1,0,0,0,0,223_88
36,NULL,206,83,1,0,0,0,0,206_83
37,NULL,194,80,1,0,0,0,0,194_80
38,NULL,190,79,1,0,0,0,0,190_79
39,NULL,185,79,1,0,0,0,0,185_79
40,NULL,182,78,1,0,0,0,0,182_78
41,NULL,179,78,1,0,0,0,0,179_78
42,NULL,175,78,1,0,0,0,0,175_78
43,NULL,170,78,1,0,0,0,0,170_78
44,NULL,165,78,1,0,0,0,0,165_78
45,NULL,161,78,1,0,0,0,0,161_78
46,NULL,157,78,1,0,0,0,0,157_78
47,NULL,153,78,1,0,0,0,0,153_78
48,NULL,151,79,1,0,0,0,0,151_79
49,NULL,147,79,1,0,0,0,0,147_79
50,NULL,146,91,1,0,0,0,0,146_91
51,NULL,132,92,1,0,0,0,0,132_92
52,NULL,142,80,1,0,0,0,0,142_80
53,NULL,139,80,1,0,0,0,0,139_80
54,NULL,132,81,1,0,0,0,0,132_81
55,NULL,121,86,1,0,0,0,0,121_86
56,NULL,117,86,1,0,0,0,0,117_86
57,NULL,111,86,1,0,0,0,0,111_86
58,NULL,107,86,1,0,0,0,0,107_86
59,NULL,105,86,1,0,0,0,0,105_86
60,NULL,101,86,1,0,0,0,0,101_86
61,NULL,97,86,1,0,0,0,0,97_86
62,NULL,93,87,1,0,0,0,0,93_87
63,NULL,88,86,1,0,0,0,0,88_86
64,NULL,86,86,1,0,0,0,0,86_86
65,NULL,83,85,1,0,0,0,0,83_85
66,NULL,79,84,1,0,0,0,0,79_84
67,NULL,73,82,1,0,0,0,0,73_82
68,NULL,68,81,1,0,0,0,0,68_81
69,NULL,258,97,1,0,0,0,0,258_97
70,NULL,258,101,1,0,0,0,0,258_101
71,NULL,258,104,1,0,0,0,0,258_104
72,NULL,258,110,1,0,0,0,0,258_110
73,NULL,258,113,1,0,0,0,0,258_113
74,NULL,258,118,1,0,0,0,0,258_118
75,NULL,179,73,2,0,0,0,0,179_73
76,NULL,156,73,2,0,0,0,0,156_73
77,NULL,66,73,2,0,0,0,0,66_73
78,NULL,55,76,2,0,0,0,0,55_76
79,NULL,59,72,2,0,0,0,0,59_72
80,NULL,73,75,2,0,0,0,0,73_75
81,NULL,84,78,2,0,0,0,0,84_78
82,NULL,90,80,2,0,0,0,0,90_80
83,NULL,94,81,2,0,0,0,0,94_81
84,NULL,102,82,2,0,0,0,0,102_82
85,NULL,107,82,2,0,0,0,0,107_82
86,NULL,110,82,2,0,0,0,0,110_82
87,NULL,115,81,2,0,0,0,0,115_81
88,NULL,119,80,2,0,0,0,0,119_80
89,NULL,126,78,2,0,0,0,0,126_78
90,NULL,133,76,2,0,0,0,0,133_76
91,NULL,138,76,2,0,0,0,0,138_76
92,NULL,151,74,2,0,0,0,0,151_74
93,NULL,161,73,2,0,0,0,0,161_73
94,NULL,165,73,2,0,0,0,0,165_73
95,NULL,169,73,2,0,0,0,0,169_73
96,NULL,173,73,2,0,0,0,0,173_73
97,NULL,184,74,2,0,0,0,0,184_74
98,NULL,195,74,2,0,0,0,0,195_74
99,NULL,199,73,2,0,0,0,0,199_73
100,NULL,202,73,2,0,0,0,0,202_73
101,NULL,205,73,2,0,0,0,0,205_73
102,NULL,207,73,2,0,0,0,0,207_73
103,NULL,210,74,2,0,0,0,0,210_74
104,NULL,210,76,2,0,0,0,0,210_76
105,NULL,210,84,2,0,0,0,0,210_84
106,NULL,210,80,2,0,0,0,0,210_80
107,NULL,195,82,2,0,0,0,0,195_82
108,NULL,191,82,2,0,0,0,0,191_82
109,NULL,183,80,2,0,0,0,0,183_80
110,NULL,181,80,2,0,0,0,0,181_80
111,NULL,176,80,2,0,0,0,0,176_80
112,NULL,168,80,2,0,0,0,0,168_80
113,NULL,160,80,2,0,0,0,0,160_80
114,NULL,156,79,2,0,0,0,0,156_79
115,NULL,153,79,2,0,0,0,0,153_79
116,NULL,151,79,2,0,0,0,0,151_79
117,NULL,147,79,2,0,0,0,0,147_79
118,NULL,141,79,2,0,0,0,0,141_79
119,NULL,132,83,2,0,0,0,0,132_83
120,NULL,120,88,2,0,0,0,0,120_88
121,NULL,111,88,2,0,0,0,0,111_88
122,NULL,106,88,2,0,0,0,0,106_88
123,NULL,103,88,2,0,0,0,0,103_88
124,NULL,101,88,2,0,0,0,0,101_88
125,NULL,96,88,2,0,0,0,0,96_88
126,NULL,85,86,2,0,0,0,0,85_86
127,NULL,78,84,2,0,0,0,0,78_84
128,NULL,72,82,2,0,0,0,0,72_82
129,NULL,187,73,3,0,0,0,0,187_73
130,NULL,119,77,-1,0,0,0,0,119_77
131,NULL,124,77,-1,0,0,0,0,124_77
132,NULL,130,77,-1,0,0,0,0,130_77
133,NULL,136,77,-1,0,0,0,0,136_77
134,NULL,154,78,-1,0,0,0,0,154_78
135,NULL,158,78,-1,0,0,0,0,158_78
136,NULL,160,78,-1,0,0,0,0,160_78
137,NULL,163,79,-1,0,0,0,0,163_79
138,NULL,165,79,-1,0,0,0,0,165_79
139,NULL,167,79,-1,0,0,0,0,167_79
140,NULL,170,79,-1,0,0,0,0,170_79
141,NULL,173,79,-1,0,0,0,0,173_79
142,NULL,177,78,-1,0,0,0,0,177_78
143,NULL,181,78,-1,0,0,0,0,181_78
144,NULL,185,77,-1,0,0,0,0,185_77
145,NULL,189,75,-1,0,0,0,0,189_75
146,NULL,179,76,-1,0,0,0,0,179_76
147,NULL,171,76,-1,0,0,0,0,171_76
148,NULL,169,76,-1,0,0,0,0,169_76
149,NULL,167,76,-1,0,0,0,0,167_76
150,NULL,165,76,-1,0,0,0,0,165_76
151,NULL,159,77,-1,0,0,0,0,159_77
152,NULL,156,77,-1,0,0,0,0,156_77
153,NULL,144,75,-1,0,0,0,0,144_75
154,NULL,119,75,-1,0,0,0,0,119_75
155,NULL,156,67,-1,0,0,0,0,156_67
156,NULL,159,67,-1,0,0,0,0,159_67
157,NULL,162,67,-1,0,0,0,0,162_67
158,NULL,166,67,-1,0,0,0,0,166_67
159,NULL,170,67,-1,0,0,0,0,170_67
160,NULL,173,67,-1,0,0,0,0,173_67
161,NULL,175,67,-1,0,0,0,0,175_67
162,NULL,178,67,-1,0,0,0,0,178_67
163,NULL,183,68,-1,0,0,0,0,183_68
164,NULL,140,77,-1,0,0,0,0,140_77
165,NULL,187,79,1,0,0,0,0,187_79
166,NULL,87,86,2,0,0,0,0,87_86
167,NULL,187,82,2,0,0,0,0,187_82

168,1,61,83,1,0,0,0,0,61_83
169,2,63,82,1,0,0,0,0,63_82
170,3,74,80,1,0,0,0,0,74_80
171,4,115,84,1,0,0,0,0,115_84
172,5,145,74,1,0,0,0,0,145_74
173,6,147,74,1,0,0,0,0,147_74
174,7,163,76,1,0,0,0,0,163_76
175,8,173,76,1,0,0,0,0,173_76
176,9,189,73,1,0,0,0,0,189_73
177,10,191,74,1,0,0,0,0,191_74
178,11,114,89,1,0,0,0,0,114_89
179,12,61,83,2,0,0,0,0,61_83
180,13,63,82,2,0,0,0,0,63_82
181,14,74,80,2,0,0,0,0,74_80
182,15,115,84,2,0,0,0,0,115_84
183,16,145,74,2,0,0,0,0,145_74
184,17,147,74,2,0,0,0,0,147_74
185,18,163,76,2,0,0,0,0,163_76
186,19,173,76,2,0,0,0,0,173_76
187,20,189,73,2,0,0,0,0,189_73
188,21,191,74,2,0,0,0,0,191_74
189,22,114,89,2,0,0,0,0,114_89
190,23,145,74,3,0,0,0,0,145_74
191,24,147,74,3,0,0,0,0,147_74
192,25,189,73,3,0,0,0,0,189_73
193,26,191,74,3,0,0,0,0,191_74
194,27,145,74,-1,0,0,0,0,145_74
195,28,147,74,-1,0,0,0,0,147_74
196,29,163,76,-1,0,0,0,0,163_76
197,30,173,76,-1,0,0,0,0,173_76
198,31,189,73,-1,0,0,0,0,189_73
199,32,191,74,-1,0,0,0,0,191_74
